 ===============================================================
  quasiparticle energies MAJORITY
 ===============================================================
E_shift=  0.2893001593514946D+00  0.2881676799098772D+00  0.2878411759412174D+00 eV
 
           q               state  SEx   SExcore SEc    vxc    dSE  dSEnoZ  eLDA    eQP  eQPnoZ   eHF  Z    FWHM=2Z*Simg  ReS(elda)
  0.00000  0.00000  0.00000  1  -17.47  -1.81   6.74 -12.47  -0.04  -0.07 -11.98 -12.02 -12.05 -19.08 0.65   1.25632    -12.53859
  0.00000  0.00000  0.00000  2  -12.99  -1.96   1.34 -13.62   0.00   0.00   0.00   0.00   0.00  -1.63 0.78   0.00000    -13.61491
  0.00000  0.00000  0.00000  3  -12.99  -1.96   1.34 -13.62   0.00   0.00   0.00   0.00   0.00  -1.63 0.78   0.00000    -13.61492
  0.00000  0.00000  0.00000  4  -12.99  -1.96   1.34 -13.62   0.00   0.00   0.00   0.00   0.00  -1.63 0.78   0.00000    -13.61493
  0.00000  0.00000  0.00000  5   -5.56  -1.42  -4.06 -11.82   0.60   0.77   2.51   3.10   3.28   7.05 0.77  -0.00095    -11.04486
  0.00000  0.00000  0.00000  6   -5.56  -1.42  -4.06 -11.82   0.60   0.77   2.51   3.10   3.28   7.05 0.77  -0.00095    -11.04487
  0.00000  0.00000  0.00000  7   -5.56  -1.42  -4.06 -11.82   0.60   0.77   2.51   3.10   3.28   7.05 0.77  -0.00095    -11.04488
  0.00000  0.00000  0.00000  8   -5.85  -3.72  -4.62 -15.20   0.77   1.02   3.23   4.00   4.25   8.58 0.76  -0.00268    -14.18039
 
 -0.50000  0.50000  0.50000  1  -16.86  -2.08   5.71 -13.15  -0.06  -0.09  -9.64  -9.71  -9.73 -15.73 0.72   1.00519    -13.23522
 -0.50000  0.50000  0.50000  2  -14.88  -1.66   4.32 -12.12  -0.07  -0.10  -7.02  -7.09  -7.12 -11.73 0.71   0.39630    -12.21877
 -0.50000  0.50000  0.50000  3  -13.21  -1.92   1.74 -13.30  -0.07  -0.09  -1.21  -1.27  -1.29  -3.32 0.77   0.00000    -13.39092
 -0.50000  0.50000  0.50000  4  -13.21  -1.92   1.74 -13.30  -0.07  -0.09  -1.21  -1.27  -1.29  -3.32 0.77   0.00000    -13.39093
 -0.50000  0.50000  0.50000  5   -5.81  -2.15  -3.91 -12.66   0.61   0.78   1.42   2.03   2.21   5.83 0.78   0.00000    -11.87333
 -0.50000  0.50000  0.50000  6   -4.90  -0.99  -4.31 -10.98   0.60   0.78   3.28   3.88   4.06   8.08 0.77  -0.00675    -10.19728
 -0.50000  0.50000  0.50000  7   -4.90  -0.99  -4.31 -10.98   0.60   0.78   3.28   3.88   4.06   8.08 0.77  -0.00675    -10.19729
 -0.50000  0.50000  0.50000  8   -2.38  -0.59  -5.38  -8.87   0.41   0.52   7.58   7.98   8.10  13.19 0.78  -0.32632     -8.34118
 
  0.00000  0.00000  1.00000  1  -16.00  -2.11   4.86 -13.20  -0.04  -0.06  -7.84  -7.88  -7.90 -13.04 0.70   0.55179    -13.25992
  0.00000  0.00000  1.00000  2  -16.00  -2.11   4.86 -13.20  -0.04  -0.06  -7.84  -7.88  -7.90 -13.04 0.70   0.55179    -13.25984
  0.00000  0.00000  1.00000  3  -13.42  -1.69   2.34 -12.59  -0.13  -0.18  -2.87  -3.01  -3.05  -5.68 0.74   0.00411    -12.76621
  0.00000  0.00000  1.00000  4  -13.42  -1.69   2.34 -12.59  -0.13  -0.18  -2.87  -3.01  -3.05  -5.68 0.74   0.00411    -12.76621
  0.00000  0.00000  1.00000  5   -5.04  -0.92  -3.68 -10.25   0.49   0.62   0.58   1.07   1.19   4.58 0.79   0.00000     -9.63521
  0.00000  0.00000  1.00000  6   -5.04  -0.92  -3.68 -10.25   0.49   0.62   0.58   1.07   1.19   4.58 0.79   0.00000     -9.63529
  0.00000  0.00000  1.00000  7   -3.67  -2.35  -6.67 -13.50   0.59   0.81  10.02  10.61  10.82  17.20 0.73  -0.65031    -12.69310
  0.00000  0.00000  1.00000  8   -3.67  -2.35  -6.67 -13.50   0.59   0.81  10.02  10.61  10.82  17.20 0.73  -0.65031    -12.69310
 
