#    -1.00   -1.92000E-03
#    -0.99   -1.95000E-03
#    -0.98   -1.95000E-03
#    -0.97   -1.93000E-03
#    -0.96   -1.92000E-03
#    -0.95   -1.90000E-03
#    -0.94   -1.87000E-03
#    -0.93   -1.85000E-03
#    -0.92   -1.81000E-03
#    -0.91   -1.78000E-03
#    -0.90   -1.75000E-03
#    -0.89   -1.72000E-03
#    -0.88   -1.68000E-03
#    -0.87   -1.64000E-03
#    -0.86   -1.61000E-03
#    -0.85   -1.58000E-03
#    -0.84   -1.55000E-03
#    -0.83   -1.51000E-03
#    -0.82   -1.47900E-03
#    -0.81   -1.44400E-03
#    -0.80   -1.41100E-03
#    -0.79   -1.37400E-03
#    -0.78   -1.34400E-03
#    -0.77   -1.31300E-03
#    -0.76   -1.28300E-03
#    -0.75   -1.24800E-03
#    -0.74   -1.21500E-03
#    -0.73   -1.18600E-03
#    -0.72   -1.15900E-03
#    -0.71   -1.12800E-03
#    -0.70   -1.09600E-03
#    -0.69   -1.06700E-03
#    -0.68   -1.03700E-03
#    -0.67   -1.00500E-03
#    -0.66   -9.81000E-04
#    -0.65   -9.53000E-04
#    -0.64   -9.25000E-04
#    -0.63   -9.01000E-04
#    -0.62   -8.73000E-04
#    -0.61   -8.48000E-04
#    -0.60   -8.24000E-04
#    -0.59   -7.99000E-04
#    -0.58   -7.72000E-04
#    -0.57   -7.48000E-04
#    -0.56   -7.24000E-04
#    -0.55   -7.00000E-04
#    -0.54   -6.78000E-04
#    -0.53   -6.54000E-04
#    -0.52   -6.34000E-04
#    -0.51   -6.12000E-04
#    -0.50   -5.91000E-04
#    -0.49   -5.71000E-04
#    -0.48   -5.49000E-04
#    -0.47   -5.28000E-04
#    -0.46   -5.11000E-04
#    -0.45   -4.92000E-04
#    -0.44   -4.72000E-04
#    -0.43   -4.54000E-04
#    -0.42   -4.37000E-04
#    -0.41   -4.18000E-04
#    -0.40   -4.02000E-04
#    -0.39   -3.85000E-04
#    -0.38   -3.71000E-04
#    -0.37   -3.54000E-04
#    -0.36   -3.42000E-04
#    -0.35   -3.26000E-04
#    -0.34   -3.11000E-04
#    -0.33   -2.97000E-04
#    -0.32   -2.83000E-04
#    -0.31   -2.70000E-04
#    -0.30   -2.56000E-04
#    -0.29   -2.44000E-04
#    -0.28   -2.31000E-04
#    -0.27   -2.19000E-04
#    -0.26   -2.07000E-04
#    -0.25   -1.97000E-04
#    -0.24   -1.86000E-04
#    -0.23   -1.76000E-04
#    -0.22   -1.66000E-04
#    -0.21   -1.56000E-04
#    -0.20   -1.46000E-04
#    -0.19   -1.37000E-04
#    -0.18   -1.28000E-04
#    -0.17   -1.19000E-04
#    -0.16   -1.11000E-04
#    -0.15   -1.03000E-04
#    -0.14   -9.46000E-05
#    -0.13   -8.72000E-05
#    -0.12   -7.99000E-05
#    -0.11   -7.28000E-05
#    -0.10   -6.59000E-05
#    -0.09   -5.95000E-05
#    -0.08   -5.27000E-05
#    -0.07   -4.60000E-05
#    -0.06   -3.97000E-05
#    -0.05   -3.34000E-05
#    -0.04   -2.70000E-05
#    -0.03   -2.08000E-05
#    -0.02   -1.44000E-05
#    -0.01   -7.77000E-06
#     0.00    9.11000E-07
#     0.01    8.10000E-06
#     0.02    1.57000E-05
#     0.03    2.40000E-05
    0.04    3.27000E-05
    0.05    4.23000E-05
    0.06    5.25000E-05
    0.07    6.38000E-05
    0.08    7.73000E-05
    0.09    9.10000E-05
    0.10    1.07000E-04
    0.11    1.24000E-04
    0.12    1.42000E-04
    0.13    1.64000E-04
    0.14    1.87000E-04
    0.15    2.13000E-04
    0.16    2.45000E-04
    0.17    2.76000E-04
    0.18    3.12000E-04
    0.19    3.50000E-04
    0.20    3.90000E-04
    0.21    4.37000E-04
    0.22    4.87000E-04
    0.23    5.42000E-04
    0.24    6.03000E-04
    0.25    6.68000E-04
    0.26    7.38000E-04
    0.27    8.13000E-04
    0.28    8.94000E-04
    0.29    9.80000E-04
    0.30    1.07300E-03
    0.31    1.17100E-03
    0.32    1.28300E-03
    0.33    1.39500E-03
    0.34    1.50800E-03
    0.35    1.63500E-03
    0.36    1.76200E-03
    0.37    1.90200E-03
    0.38    2.05000E-03
    0.39    2.20000E-03
    0.40    2.36000E-03
    0.41    2.52000E-03
    0.42    2.69000E-03
    0.43    2.87000E-03
    0.44    3.04000E-03
    0.45    3.23000E-03
    0.46    3.43000E-03
    0.47    3.63000E-03
    0.48    3.85000E-03
    0.49    4.07000E-03
    0.50    4.28000E-03
    0.51    4.51000E-03
    0.52    4.73000E-03
    0.53    4.96000E-03
    0.54    5.20000E-03
    0.55    5.45000E-03
    0.56    5.72000E-03
    0.57    5.98000E-03
    0.58    6.24000E-03
    0.59    6.51000E-03
    0.60    6.78000E-03
    0.61    7.05000E-03
    0.62    7.33000E-03
    0.63    7.62000E-03
    0.64    7.89000E-03
    0.65    8.13000E-03
    0.66    8.42000E-03
    0.67    8.70000E-03
    0.68    9.04000E-03
    0.69    9.35000E-03
    0.70    9.66000E-03
#     0.71    9.74000E-03
#     0.72    9.74000E-03
#     0.73    9.74000E-03
#     0.74    9.73000E-03
#     0.75    9.73000E-03
#     0.76    9.73000E-03
#     0.77    9.73000E-03
#     0.78    9.74000E-03
#     0.79    9.74000E-03
#     0.80    9.73000E-03
#     0.81    9.73000E-03
#     0.82    9.73000E-03
#     0.83    9.73000E-03
#     0.84    9.73000E-03
#     0.85    9.73000E-03
#     0.86    9.73000E-03
#     0.87    9.74000E-03
#     0.88    9.74000E-03
#     0.89    9.73000E-03
#     0.90    9.74000E-03
#     0.91    9.73000E-03
#     0.92    9.73000E-03
#     0.93    9.73000E-03
#     0.94    9.73000E-03
#     0.95    9.73000E-03
#     0.96    9.74000E-03
#     0.97    9.73000E-03
#     0.98    9.74000E-03
#     0.99    9.73000E-03
#     1.00    9.73000E-03
