% rows 501 cols 4
 -1.00000     0.2513     0.0139     0.0007
 -0.99600     0.2513     0.0139     0.0007
 -0.99200     0.2607     0.0151     0.0008
 -0.98800     0.2712     0.0165     0.0009
 -0.98400     0.2798     0.0179     0.0010
 -0.98000     0.2869     0.0193     0.0012
 -0.97600     0.2958     0.0208     0.0013
 -0.97200     0.3057     0.0223     0.0014
 -0.96800     0.3155     0.0239     0.0016
 -0.96400     0.3241     0.0255     0.0018
 -0.96000     0.3299     0.0270     0.0020
 -0.95600     0.3325     0.0284     0.0022
 -0.95200     0.3366     0.0303     0.0024
 -0.94800     0.3437     0.0323     0.0027
 -0.94400     0.3507     0.0340     0.0030
 -0.94000     0.3577     0.0358     0.0032
 -0.93600     0.3647     0.0376     0.0035
 -0.93200     0.3715     0.0394     0.0038
 -0.92800     0.3774     0.0413     0.0041
 -0.92400     0.3826     0.0432     0.0044
 -0.92000     0.3870     0.0451     0.0048
 -0.91600     0.3916     0.0471     0.0051
 -0.91200     0.3972     0.0491     0.0055
 -0.90800     0.4041     0.0512     0.0060
 -0.90400     0.4118     0.0534     0.0064
 -0.90000     0.4199     0.0557     0.0068
 -0.89600     0.4282     0.0580     0.0073
 -0.89200     0.4350     0.0603     0.0078
 -0.88800     0.4402     0.0626     0.0084
 -0.88400     0.4449     0.0650     0.0089
 -0.88000     0.4492     0.0673     0.0095
 -0.87600     0.4531     0.0696     0.0101
 -0.87200     0.4570     0.0718     0.0108
 -0.86800     0.4613     0.0742     0.0114
 -0.86400     0.4670     0.0769     0.0122
 -0.86000     0.4729     0.0798     0.0131
 -0.85600     0.4781     0.0825     0.0139
 -0.85200     0.4833     0.0852     0.0148
 -0.84800     0.4884     0.0878     0.0156
 -0.84400     0.4935     0.0906     0.0165
 -0.84000     0.4984     0.0933     0.0175
 -0.83600     0.5033     0.0961     0.0185
 -0.83200     0.5083     0.0988     0.0194
 -0.82800     0.5137     0.1015     0.0204
 -0.82400     0.5192     0.1043     0.0215
 -0.82000     0.5251     0.1072     0.0226
 -0.81600     0.5314     0.1102     0.0237
 -0.81200     0.5383     0.1133     0.0250
 -0.80800     0.5452     0.1165     0.0263
 -0.80400     0.5509     0.1198     0.0277
 -0.80000     0.5559     0.1231     0.0292
 -0.79600     0.5612     0.1265     0.0308
 -0.79200     0.5665     0.1300     0.0324
 -0.78800     0.5712     0.1335     0.0342
 -0.78400     0.5752     0.1369     0.0360
 -0.78000     0.5786     0.1404     0.0378
 -0.77600     0.5822     0.1438     0.0398
 -0.77200     0.5861     0.1472     0.0417
 -0.76800     0.5904     0.1507     0.0438
 -0.76400     0.5949     0.1542     0.0459
 -0.76000     0.6008     0.1581     0.0483
 -0.75600     0.6074     0.1623     0.0508
 -0.75200     0.6131     0.1662     0.0534
 -0.74800     0.6187     0.1701     0.0560
 -0.74400     0.6242     0.1740     0.0587
 -0.74000     0.6299     0.1780     0.0614
 -0.73600     0.6360     0.1820     0.0643
 -0.73200     0.6421     0.1859     0.0672
 -0.72800     0.6483     0.1899     0.0701
 -0.72400     0.6546     0.1940     0.0732
 -0.72000     0.6610     0.1981     0.0763
 -0.71600     0.6676     0.2023     0.0796
 -0.71200     0.6744     0.2066     0.0831
 -0.70800     0.6806     0.2112     0.0870
 -0.70400     0.6859     0.2163     0.0915
 -0.70000     0.6913     0.2215     0.0963
 -0.69600     0.6972     0.2267     0.1013
 -0.69200     0.7031     0.2320     0.1065
 -0.68800     0.7089     0.2374     0.1120
 -0.68400     0.7145     0.2428     0.1178
 -0.68000     0.7200     0.2480     0.1236
 -0.67600     0.7256     0.2532     0.1297
 -0.67200     0.7315     0.2584     0.1359
 -0.66800     0.7376     0.2636     0.1423
 -0.66400     0.7439     0.2689     0.1489
 -0.66000     0.7506     0.2744     0.1559
 -0.65600     0.7595     0.2806     0.1643
 -0.65200     0.7688     0.2871     0.1732
 -0.64800     0.7768     0.2930     0.1819
 -0.64400     0.7848     0.2990     0.1910
 -0.64000     0.7931     0.3051     0.2004
 -0.63600     0.8019     0.3112     0.2102
 -0.63200     0.8109     0.3175     0.2203
 -0.62800     0.8199     0.3237     0.2309
 -0.62400     0.8291     0.3302     0.2421
 -0.62000     0.8390     0.3373     0.2545
 -0.61600     0.8497     0.3450     0.2682
 -0.61200     0.8615     0.3531     0.2831
 -0.60800     0.8736     0.3614     0.2993
 -0.60400     0.8851     0.3703     0.3172
 -0.60000     0.8962     0.3797     0.3370
 -0.59600     0.9079     0.3893     0.3586
 -0.59200     0.9204     0.3990     0.3819
 -0.58800     0.9329     0.4086     0.4068
 -0.58400     0.9449     0.4180     0.4336
 -0.58000     0.9640     0.4296     0.4695
 -0.57600     0.9876     0.4423     0.5123
 -0.57200     1.0083     0.4537     0.5547
 -0.56800     1.0298     0.4653     0.6004
 -0.56400     1.0543     0.4776     0.6531
 -0.56000     1.0828     0.4908     0.7161
 -0.55600     1.1151     0.5049     0.8098
 -0.55200     1.1546     0.5205     0.9950
 -0.54800     1.2741     0.5463     1.5449
 -0.54400     1.5057     0.5830     2.4135
 -0.54000     1.7234     0.6164     3.2143
 -0.53600     1.7061     0.6267     3.3256
 -0.53200     1.6146     0.6307     3.1765
 -0.52800     1.6305     0.6460     3.3637
 -0.52400     1.6430     0.6610     3.5235
 -0.52000     1.6504     0.6759     3.6582
 -0.51600     1.6446     0.6909     3.7717
 -0.51200     1.6112     0.7034     3.8086
 -0.50800     1.5638     0.7135     3.7914
 -0.50400     1.5340     0.7259     3.8295
 -0.50000     1.5215     0.7395     3.9333
 -0.49600     1.5129     0.7520     4.0455
 -0.49200     1.5054     0.7644     4.1468
 -0.48800     1.4984     0.7772     4.2449
 -0.48400     1.4870     0.7898     4.3349
 -0.48000     1.4691     0.8028     4.4105
 -0.47600     1.4494     0.8203     4.4850
 -0.47200     1.4276     0.8415     4.5597
 -0.46800     1.4055     0.8616     4.6387
 -0.46400     1.3861     0.8807     4.7281
 -0.46000     1.3701     0.9000     4.8299
 -0.45600     1.3592     0.9195     4.9498
 -0.45200     1.3514     0.9398     5.0790
 -0.44800     1.3446     0.9625     5.2207
 -0.44400     1.3374     0.9868     5.3705
 -0.44000     1.3287     1.0113     5.5176
 -0.43600     1.3178     1.0376     5.6684
 -0.43200     1.3100     1.0754     5.8617
 -0.42800     1.3081     1.1309     6.1237
 -0.42400     1.3129     1.2029     6.4510
 -0.42000     1.3234     1.2828     6.8450
 -0.41600     1.3439     1.3761     7.3910
 -0.41200     1.3789     1.4958     8.0430
 -0.40800     1.4117     1.6219     8.4770
 -0.40400     1.3885     1.6536     8.4399
 -0.40000     1.3287     1.6153     8.2077
 -0.39600     1.2580     1.5535     7.8650
 -0.39200     1.1152     1.3591     7.0518
 -0.38800     0.9727     1.1595     6.2688
 -0.38400     0.8871     1.0598     5.8462
 -0.38000     0.8195     0.9895     5.5260
 -0.37600     0.7656     0.9378     5.2931
 -0.37200     0.7194     0.8929     5.1103
 -0.36800     0.6745     0.8500     4.9497
 -0.36400     0.6329     0.8138     4.8205
 -0.36000     0.6003     0.7883     4.7348
 -0.35600     0.5705     0.7640     4.6454
 -0.35200     0.5395     0.7359     4.5259
 -0.34800     0.5087     0.7079     4.4062
 -0.34400     0.4785     0.6816     4.3010
 -0.34000     0.4509     0.6551     4.2095
 -0.33600     0.4282     0.6348     4.1502
 -0.33200     0.4102     0.6260     4.1336
 -0.32800     0.3974     0.6258     4.1646
 -0.32400     0.3772     0.6191     4.1755
 -0.32000     0.3503     0.6030     4.1393
 -0.31600     0.3285     0.5900     4.1046
 -0.31200     0.3097     0.5835     4.0938
 -0.30800     0.2887     0.5655     4.0084
 -0.30400     0.2667     0.5394     3.8695
 -0.30000     0.2556     0.5321     3.9030
 -0.29600     0.2332     0.5207     3.8081
 -0.29200     0.1908     0.4950     3.4441
 -0.28800     0.1521     0.4728     3.1080
 -0.28400     0.1282     0.4617     2.9279
 -0.28000     0.1152     0.4584     2.8568
 -0.27600     0.1046     0.4592     2.7991
 -0.27200     0.0914     0.4540     2.7164
 -0.26800     0.0741     0.4384     2.5931
 -0.26400     0.0629     0.4312     2.5179
 -0.26000     0.0569     0.4306     2.4825
 -0.25600     0.0515     0.4298     2.4499
 -0.25200     0.0469     0.4316     2.4332
 -0.24800     0.0435     0.4372     2.4428
 -0.24400     0.0414     0.4495     2.4962
 -0.24000     0.0407     0.4770     2.6633
 -0.23600     0.0416     0.6620     4.2445
 -0.23200     0.0388     1.0509     7.6784
 -0.22800     0.0355     1.3809    10.7046
 -0.22400     0.0371     1.5437    12.5127
 -0.22000     0.0419     1.8257    15.0094
 -0.21600     0.0494     2.0473    17.4581
 -0.21200     0.0549     1.9368    17.3512
 -0.20800     0.0572     1.7623    16.0765
 -0.20400     0.0560     1.6088    15.0015
 -0.20000     0.0525     1.3480    13.4200
 -0.19600     0.0496     1.0784    11.9532
 -0.19200     0.0588     0.9604    11.1890
 -0.18800     0.0674     0.8940    10.6655
 -0.18400     0.0670     0.8396    10.2631
 -0.18000     0.0696     0.8210     9.9894
 -0.17600     0.0727     0.8134     9.7501
 -0.17200     0.0764     0.8168     9.5525
 -0.16800     0.0809     0.8499     9.4279
 -0.16400     0.0866     0.8803     9.3013
 -0.16000     0.0940     0.9061     9.2061
 -0.15600     0.1015     0.9617     9.2073
 -0.15200     0.1080     1.0504     9.2683
 -0.14800     0.1131     1.1417     9.3249
 -0.14400     0.1172     1.2054     9.3365
 -0.14000     0.1207     1.2466     9.3417
 -0.13600     0.1234     1.2770     9.3663
 -0.13200     0.1262     1.2983     9.2185
 -0.12800     0.1298     1.3111     8.9023
 -0.12400     0.1337     1.3349     8.7016
 -0.12000     0.1384     1.3725     8.6035
 -0.11600     0.1444     1.4154     8.5567
 -0.11200     0.1481     1.4457     8.4511
 -0.10800     0.1478     1.4622     8.2636
 -0.10400     0.1483     1.4843     8.1294
 -0.10000     0.1518     1.5229     8.1222
 -0.09600     0.1570     1.5584     8.1913
 -0.09200     0.1619     1.5739     8.2529
 -0.08800     0.1646     1.5714     8.2855
 -0.08400     0.1672     1.5775     8.3515
 -0.08000     0.1708     1.6022     8.4740
 -0.07600     0.1746     1.6446     8.6605
 -0.07200     0.1800     1.7167     8.9893
 -0.06800     0.1870     1.7976     9.4056
 -0.06400     0.1946     1.8728     9.8430
 -0.06000     0.2059     1.9681    10.4213
 -0.05600     0.2328     2.1439    11.4076
 -0.05200     0.2650     2.3134    12.3700
 -0.04800     0.2799     2.3464    12.6811
 -0.04400     0.2810     2.2866    12.5344
 -0.04000     0.2783     2.2049    12.2826
 -0.03600     0.2748     2.1253    12.0501
 -0.03200     0.2676     2.0330    11.7556
 -0.02800     0.2606     1.9461    11.4735
 -0.02400     0.2564     1.8832    11.3103
 -0.02000     0.2414     1.7848    10.8436
 -0.01600     0.2176     1.6556    10.1057
 -0.01200     0.1992     1.5539     9.5634
 -0.00800     0.1850     1.4731     9.1901
 -0.00400     0.1730     1.4048     8.9619
  0.00000     0.1622     1.3432     8.7674
  0.00400     0.1514     1.2820     8.5086
  0.00800     0.1425     1.2288     8.3064
  0.01200     0.1356     1.1855     8.3817
  0.01600     0.1290     1.1446     8.3488
  0.02000     0.1228     1.1037     8.0539
  0.02400     0.1171     1.0631     7.5108
  0.02800     0.1120     1.0178     5.7574
  0.03200     0.1075     0.9774     4.0171
  0.03600     0.1036     0.9465     3.4422
  0.04000     0.1002     0.9196     3.2529
  0.04400     0.0971     0.8966     3.1386
  0.04800     0.0941     0.8753     3.0157
  0.05200     0.0912     0.8546     2.9417
  0.05600     0.0885     0.8343     2.8710
  0.06000     0.0858     0.8137     2.8032
  0.06400     0.0831     0.7916     2.7403
  0.06800     0.0805     0.7707     2.7132
  0.07200     0.0779     0.7507     2.6652
  0.07600     0.0754     0.7316     2.5603
  0.08000     0.0731     0.7151     2.4796
  0.08400     0.0704     0.6983     2.4357
  0.08800     0.0674     0.6810     2.4108
  0.09200     0.0649     0.6657     2.4033
  0.09600     0.0628     0.6516     2.4059
  0.10000     0.0607     0.6374     2.4149
  0.10400     0.0587     0.6231     2.4326
  0.10800     0.0569     0.6128     2.5608
  0.11200     0.0551     0.6019     2.6979
  0.11600     0.0535     0.5872     2.7103
  0.12000     0.0519     0.5745     2.7333
  0.12400     0.0503     0.5626     2.7930
  0.12800     0.0485     0.5510     2.8339
  0.13200     0.0464     0.5402     2.8556
  0.13600     0.0443     0.5295     2.8791
  0.14000     0.0424     0.5194     2.9224
  0.14400     0.0408     0.5111     2.9806
  0.14800     0.0393     0.5045     3.0368
  0.15200     0.0380     0.4964     3.0901
  0.15600     0.0367     0.4867     3.1552
  0.16000     0.0355     0.4781     3.2441
  0.16400     0.0344     0.4700     3.3523
  0.16800     0.0333     0.4619     3.4865
  0.17200     0.0322     0.4541     3.6317
  0.17600     0.0313     0.4477     3.7657
  0.18000     0.0308     0.4440     3.8888
  0.18400     0.0307     0.4444     4.0383
  0.18800     0.0300     0.4412     4.2267
  0.19200     0.0282     0.4275     4.4165
  0.19600     0.0270     0.4159     4.5838
  0.20000     0.0271     0.4116     4.7420
  0.20400     0.0275     0.4087     4.9314
  0.20800     0.0284     0.4064     5.1559
  0.21200     0.0295     0.4047     5.4048
  0.21600     0.0309     0.4036     5.6719
  0.22000     0.0340     0.4043     6.0026
  0.22400     0.0406     0.4074     6.4451
  0.22800     0.0535     0.4127     7.0370
  0.23200     0.0738     0.4208     7.8136
  0.23600     0.0973     0.4299     8.6775
  0.24000     0.1190     0.4363     9.4901
  0.24400     0.1315     0.4352    10.0928
  0.24800     0.1206     0.4203    10.1883
  0.25200     0.1068     0.4072    10.2569
  0.25600     0.1074     0.4088    10.7771
  0.26000     0.1090     0.4126    11.3750
  0.26400     0.1098     0.3970    11.8999
  0.26800     0.1098     0.3713    12.3953
  0.27200     0.1088     0.3538    12.9347
  0.27600     0.1066     0.3391    13.7034
  0.28000     0.1047     0.3263    14.1519
  0.28400     0.1042     0.3155    14.2807
  0.28800     0.1038     0.3066    14.4614
  0.29200     0.1033     0.2991    14.5157
  0.29600     0.1031     0.2932    14.7076
  0.30000     0.1018     0.2893    14.7586
  0.30400     0.1000     0.2861    14.7490
  0.30800     0.0997     0.2826    14.8420
  0.31200     0.1005     0.2800    14.7369
  0.31600     0.1017     0.2805    14.7021
  0.32000     0.1039     0.2897    14.9669
  0.32400     0.1067     0.3076    15.4757
  0.32800     0.1123     0.3328    16.8199
  0.33200     0.1207     0.3803    18.2283
  0.33600     0.1151     0.3889    17.8787
  0.34000     0.0980     0.3362    16.6522
  0.34400     0.0854     0.2889    16.1858
  0.34800     0.0780     0.2589    16.2594
  0.35200     0.0736     0.2372    16.3584
  0.35600     0.0697     0.2207    16.3361
  0.36000     0.0674     0.2093    16.1767
  0.36400     0.0664     0.2003    16.0275
  0.36800     0.0667     0.1934    16.0176
  0.37200     0.0689     0.1888    16.4533
  0.37600     0.0748     0.1867    17.0697
  0.38000     0.0836     0.1842    17.3724
  0.38400     0.0950     0.1840    18.1424
  0.38800     0.1092     0.1978    19.5150
  0.39200     0.1253     0.2338    22.6042
  0.39600     0.1468     0.3101    31.4755
  0.40000     0.1620     0.3704    29.7028
  0.40400     0.1658     0.3823    18.9619
  0.40800     0.1685     0.3875    15.3949
  0.41200     0.1710     0.3945    13.8961
  0.41600     0.1727     0.4044    13.0079
  0.42000     0.1735     0.4132    12.2231
  0.42400     0.1743     0.4225    11.6289
  0.42800     0.1748     0.4283    11.1024
  0.43200     0.1738     0.4232    10.5360
  0.43600     0.1724     0.4164    10.0632
  0.44000     0.1715     0.4147     9.7145
  0.44400     0.1712     0.4148     9.4593
  0.44800     0.1707     0.4157     9.2487
  0.45200     0.1689     0.4196     9.0707
  0.45600     0.1666     0.4187     8.7889
  0.46000     0.1649     0.4129     8.4497
  0.46400     0.1634     0.4097     8.2152
  0.46800     0.1618     0.4073     8.0380
  0.47200     0.1602     0.4056     7.9221
  0.47600     0.1586     0.4040     7.8426
  0.48000     0.1562     0.4014     7.7410
  0.48400     0.1529     0.3977     7.6161
  0.48800     0.1502     0.3949     7.5440
  0.49200     0.1477     0.3927     7.5194
  0.49600     0.1450     0.3887     7.4775
  0.50000     0.1431     0.3832     7.4068
  0.50400     0.1405     0.3791     7.3365
  0.50800     0.1377     0.3765     7.3152
  0.51200     0.1358     0.3737     7.3254
  0.51600     0.1344     0.3704     7.3349
  0.52000     0.1334     0.3698     7.6162
  0.52400     0.1317     0.3653     7.7667
  0.52800     0.1292     0.3544     7.5247
  0.53200     0.1276     0.3461     7.4365
  0.53600     0.1268     0.3452     7.6331
  0.54000     0.1263     0.3402     7.9398
  0.54400     0.1260     0.3274     7.7597
  0.54800     0.1263     0.3184     6.8759
  0.55200     0.1266     0.3122     5.8517
  0.55600     0.1269     0.3066     5.1164
  0.56000     0.1274     0.3024     4.6922
  0.56400     0.1276     0.2990     4.3218
  0.56800     0.1274     0.2964     3.9634
  0.57200     0.1271     0.2957     3.7434
  0.57600     0.1266     0.2931     3.4383
  0.58000     0.1260     0.2874     2.9680
  0.58400     0.1261     0.2833     2.5347
  0.58800     0.1266     0.2816     2.2086
  0.59200     0.1273     0.2817     1.9676
  0.59600     0.1281     0.2846     1.8238
  0.60000     0.1289     0.2912     1.7708
  0.60400     0.1299     0.3005     1.7726
  0.60800     0.1307     0.3099     1.7790
  0.61200     0.1315     0.3184     1.7771
  0.61600     0.1323     0.3268     1.7760
  0.62000     0.1331     0.3350     1.7689
  0.62400     0.1339     0.3432     1.7597
  0.62800     0.1347     0.3512     1.7486
  0.63200     0.1355     0.3592     1.7357
  0.63600     0.1362     0.3672     1.7232
  0.64000     0.1370     0.3755     1.7124
  0.64400     0.1378     0.3838     1.7023
  0.64800     0.1383     0.3919     1.6906
  0.65200     0.1385     0.3976     1.6541
  0.65600     0.1387     0.4019     1.6099
  0.66000     0.1389     0.4077     1.5879
  0.66400     0.1389     0.4139     1.5725
  0.66800     0.1391     0.4198     1.5574
  0.67200     0.1394     0.4257     1.5431
  0.67600     0.1398     0.4316     1.5287
  0.68000     0.1402     0.4376     1.5136
  0.68400     0.1405     0.4435     1.4978
  0.68800     0.1408     0.4494     1.4811
  0.69200     0.1410     0.4553     1.4624
  0.69600     0.1412     0.4617     1.4405
  0.70000     0.1413     0.4698     1.4191
  0.70400     0.1414     0.4744     1.3976
  0.70800     0.1414     0.4751     1.3754
  0.71200     0.1415     0.4767     1.3571
  0.71600     0.1416     0.4795     1.3424
  0.72000     0.1418     0.4831     1.3302
  0.72400     0.1420     0.4871     1.3193
  0.72800     0.1421     0.4914     1.3091
  0.73200     0.1423     0.4956     1.2995
  0.73600     0.1425     0.4996     1.2900
  0.74000     0.1427     0.5035     1.2806
  0.74400     0.1429     0.5072     1.2714
  0.74800     0.1430     0.5108     1.2622
  0.75200     0.1432     0.5142     1.2532
  0.75600     0.1433     0.5176     1.2442
  0.76000     0.1433     0.5208     1.2351
  0.76400     0.1431     0.5240     1.2257
  0.76800     0.1428     0.5271     1.2162
  0.77200     0.1425     0.5301     1.2070
  0.77600     0.1424     0.5331     1.1986
  0.78000     0.1422     0.5362     1.1907
  0.78400     0.1421     0.5392     1.1828
  0.78800     0.1420     0.5422     1.1747
  0.79200     0.1418     0.5451     1.1666
  0.79600     0.1416     0.5480     1.1584
  0.80000     0.1414     0.5508     1.1501
  0.80400     0.1411     0.5536     1.1417
  0.80800     0.1409     0.5564     1.1333
  0.81200     0.1406     0.5591     1.1250
  0.81600     0.1404     0.5619     1.1166
  0.82000     0.1402     0.5645     1.1081
  0.82400     0.1400     0.5670     1.0992
  0.82800     0.1397     0.5700     1.0900
  0.83200     0.1394     0.5734     1.0805
  0.83600     0.1391     0.5763     1.0694
  0.84000     0.1388     0.5786     1.0560
  0.84400     0.1384     0.5809     1.0432
  0.84800     0.1381     0.5830     1.0331
  0.85200     0.1377     0.5849     1.0245
  0.85600     0.1374     0.5867     1.0157
  0.86000     0.1371     0.5884     1.0073
  0.86400     0.1367     0.5899     0.9998
  0.86800     0.1364     0.5914     0.9925
  0.87200     0.1361     0.5928     0.9853
  0.87600     0.1357     0.5940     0.9782
  0.88000     0.1354     0.5951     0.9710
  0.88400     0.1350     0.5960     0.9638
  0.88800     0.1347     0.5969     0.9568
  0.89200     0.1343     0.5978     0.9500
  0.89600     0.1340     0.5988     0.9435
  0.90000     0.1336     0.5998     0.9368
  0.90400     0.1330     0.6009     0.9301
  0.90800     0.1325     0.6019     0.9236
  0.91200     0.1321     0.6030     0.9175
  0.91600     0.1316     0.6041     0.9115
  0.92000     0.1311     0.6051     0.9056
  0.92400     0.1306     0.6062     0.8998
  0.92800     0.1301     0.6072     0.8942
  0.93200     0.1296     0.6082     0.8885
  0.93600     0.1290     0.6093     0.8829
  0.94000     0.1285     0.6103     0.8774
  0.94400     0.1281     0.6113     0.8718
  0.94800     0.1276     0.6123     0.8663
  0.95200     0.1271     0.6132     0.8608
  0.95600     0.1266     0.6141     0.8551
  0.96000     0.1261     0.6149     0.8493
  0.96400     0.1256     0.6155     0.8433
  0.96800     0.1250     0.6161     0.8371
  0.97200     0.1245     0.6166     0.8308
  0.97600     0.1239     0.6169     0.8243
  0.98000     0.1233     0.6172     0.8175
  0.98400     0.1227     0.6176     0.8106
  0.98800     0.1220     0.6180     0.8037
  0.99200     0.1213     0.6182     0.7965
  0.99600     0.1205     0.6185     0.7885
  1.00000     0.1205     0.6185     0.7885
