-1	0.00965
-0.99	0.00984
-0.98	0.00981
-0.97	0.00968
-0.96	0.0095
-0.95	0.0093
-0.94	0.00911
-0.93	0.0089
-0.92	0.00869
-0.91	0.00847
-0.9	0.00827
-0.89	0.00807
-0.88	0.00786
-0.87	0.00767
-0.86	0.00747
-0.85	0.00729
-0.84	0.00711
-0.83	0.00694
-0.82	0.00676
-0.81	0.00659
-0.8	0.0064
-0.79	0.00624
-0.78	0.00608
-0.77	0.00592
-0.76	0.00577
-0.75	0.0056
-0.74	0.00544
-0.73	0.00529
-0.72	0.00514
-0.71	0.005
-0.7	0.00486
-0.69	0.00473
-0.68	0.00459
-0.67	0.00445
-0.66	0.00432
-0.65	0.00419
-0.64	0.00405
-0.63	0.00393
-0.62	0.00381
-0.61	0.00369
-0.6	0.00358
-0.59	0.00346
-0.58	0.00334
-0.57	0.00323
-0.56	0.00312
-0.55	0.00302
-0.54	0.00292
-0.53	0.00281
-0.52	0.00272
-0.51	0.00262
-0.5	0.00252
-0.49	0.00243
-0.48	0.00233
-0.47	0.00224
-0.46	0.00216
-0.45	0.00207
-0.44	0.00199
-0.43	0.00191
-0.42	0.00183
-0.41	0.00176
-0.4	0.00168
-0.39	0.00161
-0.38	0.00154
-0.37	0.001475
-0.36	0.001409
-0.35	0.001345
-0.34	0.001285
-0.33	0.001224
-0.32	0.001163
-0.31	0.001107
-0.3	0.001053
-0.29	0.001002
-0.28	0.000949
-0.27	0.000901
-0.26	0.000854
-0.25	0.000808
-0.24	0.000762
-0.23	0.000718
-0.22	0.000677
-0.21	0.000636
-0.2	0.000597
-0.19	0.000559
-0.18	0.000522
-0.17	0.000487
-0.16	0.00045
-0.15	0.000418
-0.14	0.000386
-0.13	0.000355
-0.12	0.000326
-0.11	0.000297
-0.1	0.000269
-0.09	0.000241
-0.08	0.000214
-0.07	0.000187
-0.06	0.000161
-0.05	0.000135
-0.04	0.00011
-0.03	8.42E-05
-0.02	5.82E-05
-0.01	3.16E-05
0	-3.82E-06
0.01	-3.30E-05
0.02	-6.43E-05
0.03	-9.74E-05
0.04	-0.000133
0.05	-0.000172
0.06	-0.000213
0.07	-0.000259
0.08	-0.000311
0.09	-0.000367
0.1	-0.00043
0.11	-0.000498
0.12	-0.000572
0.13	-0.000654
0.14	-0.000743
0.15	-0.00084
0.16	-0.000956
0.17	-0.001071
0.18	-0.0012
0.19	-0.001336
0.2	-0.001482
0.21	-0.001641
0.22	-0.001807
0.23	-0.001984
0.24	-0.00218
0.25	-0.00238
0.26	-0.0026
0.27	-0.00282
0.28	-0.00306
0.29	-0.00331
0.3	-0.00356
0.31	-0.00383
0.32	-0.00412
0.33	-0.00441
0.34	-0.00471
0.35	-0.00501
0.36	-0.00533
0.37	-0.00566
0.38	-0.006
0.39	-0.00634
0.4	-0.0067
0.41	-0.00706
0.42	-0.00743
0.43	-0.0078
0.44	-0.00819
0.45	-0.00858
0.46	-0.00897
0.47	-0.00937
0.48	-0.00974
0.49	-0.00974
0.5	-0.00974
0.51	-0.00973
0.52	-0.00973
0.53	-0.00973
0.54	-0.00973
0.55	-0.00972
0.56	-0.00973
0.57	-0.00973
0.58	-0.00973
0.59	-0.00973
0.6	-0.00973
0.61	-0.00973
0.62	-0.00973
0.63	-0.00972
0.64	-0.00972
0.65	-0.00973
0.66	-0.00973
0.67	-0.00973
0.68	-0.00972
0.69	-0.00972
0.7	-0.00972
0.71	-0.00973
0.72	-0.00972
0.73	-0.00973
0.74	-0.00973
0.75	-0.00972
0.76	-0.00973
0.77	-0.00973
0.78	-0.00972
0.79	-0.00972
0.8	-0.00972
0.81	-0.00973
0.82	-0.00973
0.83	-0.00973
0.84	-0.00972
0.85	-0.00973
0.86	-0.00973
0.87	-0.00973
0.88	-0.00973
0.89	-0.00972
0.9	-0.00973
0.91	-0.00973
0.92	-0.00973
0.93	-0.00972
0.94	-0.00973
0.95	-0.00973
0.96	-0.00973
0.97	-0.00972
0.98	-0.00973
0.99	-0.00973
1	-0.00973
