#    -1.00   -9.65000E-03
#    -0.99   -9.84000E-03
#    -0.98   -9.81000E-03
#    -0.97   -9.68000E-03
#    -0.96   -9.50000E-03
#    -0.95   -9.30000E-03
#    -0.94   -9.11000E-03
#    -0.93   -8.90000E-03
#    -0.92   -8.69000E-03
#    -0.91   -8.47000E-03
#    -0.90   -8.27000E-03
#    -0.89   -8.07000E-03
#    -0.88   -7.86000E-03
#    -0.87   -7.67000E-03
#    -0.86   -7.47000E-03
#    -0.85   -7.29000E-03
#    -0.84   -7.11000E-03
#    -0.83   -6.94000E-03
#    -0.82   -6.76000E-03
#    -0.81   -6.59000E-03
#    -0.80   -6.40000E-03
#    -0.79   -6.24000E-03
#    -0.78   -6.08000E-03
#    -0.77   -5.92000E-03
#    -0.76   -5.77000E-03
#    -0.75   -5.60000E-03
#    -0.74   -5.44000E-03
#    -0.73   -5.29000E-03
#    -0.72   -5.14000E-03
#    -0.71   -5.00000E-03
#    -0.70   -4.86000E-03
#    -0.69   -4.73000E-03
#    -0.68   -4.59000E-03
#    -0.67   -4.45000E-03
#    -0.66   -4.32000E-03
#    -0.65   -4.19000E-03
#    -0.64   -4.05000E-03
#    -0.63   -3.93000E-03
#    -0.62   -3.81000E-03
#    -0.61   -3.69000E-03
#    -0.60   -3.58000E-03
#    -0.59   -3.46000E-03
#    -0.58   -3.34000E-03
#    -0.57   -3.23000E-03
#    -0.56   -3.12000E-03
#    -0.55   -3.02000E-03
#    -0.54   -2.92000E-03
#    -0.53   -2.81000E-03
#    -0.52   -2.72000E-03
#    -0.51   -2.62000E-03
#    -0.50   -2.52000E-03
#    -0.49   -2.43000E-03
#    -0.48   -2.33000E-03
#    -0.47   -2.24000E-03
#    -0.46   -2.16000E-03
#    -0.45   -2.07000E-03
#    -0.44   -1.99000E-03
#    -0.43   -1.91000E-03
#    -0.42   -1.83000E-03
#    -0.41   -1.76000E-03
#    -0.40   -1.68000E-03
#    -0.39   -1.61000E-03
#    -0.38   -1.54000E-03
#    -0.37   -1.47500E-03
#    -0.36   -1.40900E-03
#    -0.35   -1.34500E-03
#    -0.34   -1.28500E-03
#    -0.33   -1.22400E-03
#    -0.32   -1.16300E-03
#    -0.31   -1.10700E-03
#    -0.30   -1.05300E-03
#    -0.29   -1.00200E-03
#    -0.28   -9.49000E-04
#    -0.27   -9.01000E-04
#    -0.26   -8.54000E-04
#    -0.25   -8.08000E-04
#    -0.24   -7.62000E-04
#    -0.23   -7.18000E-04
#    -0.22   -6.77000E-04
#    -0.21   -6.36000E-04
#    -0.20   -5.97000E-04
#    -0.19   -5.59000E-04
#    -0.18   -5.22000E-04
#    -0.17   -4.87000E-04
#    -0.16   -4.50000E-04
#    -0.15   -4.18000E-04
#    -0.14   -3.86000E-04
#    -0.13   -3.55000E-04
#    -0.12   -3.26000E-04
#    -0.11   -2.97000E-04
#    -0.10   -2.69000E-04
#    -0.09   -2.41000E-04
#    -0.08   -2.14000E-04
#    -0.07   -1.87000E-04
#    -0.06   -1.61000E-04
#    -0.05   -1.35000E-04
#    -0.04   -1.10000E-04
#    -0.03   -8.42000E-05
#    -0.02   -5.82000E-05
#    -0.01   -3.16000E-05
#     0.00    3.82000E-06
#     0.01    3.30000E-05
#     0.02    6.43000E-05
#     0.03    9.74000E-05
    0.04    1.33000E-04
    0.05    1.72000E-04
    0.06    2.13000E-04
    0.07    2.59000E-04
    0.08    3.11000E-04
    0.09    3.67000E-04
    0.10    4.30000E-04
    0.11    4.98000E-04
    0.12    5.72000E-04
    0.13    6.54000E-04
    0.14    7.43000E-04
    0.15    8.40000E-04
    0.16    9.56000E-04
    0.17    1.07100E-03
    0.18    1.20000E-03
    0.19    1.33600E-03
    0.20    1.48200E-03
    0.21    1.64100E-03
    0.22    1.80700E-03
    0.23    1.98400E-03
    0.24    2.18000E-03
    0.25    2.38000E-03
    0.26    2.60000E-03
    0.27    2.82000E-03
    0.28    3.06000E-03
    0.29    3.31000E-03
    0.30    3.56000E-03
    0.31    3.83000E-03
    0.32    4.12000E-03
    0.33    4.41000E-03
    0.34    4.71000E-03
    0.35    5.01000E-03
    0.36    5.33000E-03
    0.37    5.66000E-03
    0.38    6.00000E-03
    0.39    6.34000E-03
    0.40    6.70000E-03
    0.41    7.06000E-03
    0.42    7.43000E-03
    0.43    7.80000E-03
    0.44    8.19000E-03
    0.45    8.58000E-03
    0.46    8.97000E-03
#     0.47    9.37000E-03
#     0.48    9.74000E-03
#     0.49    9.74000E-03
#     0.50    9.74000E-03
#     0.51    9.73000E-03
#     0.52    9.73000E-03
#     0.53    9.73000E-03
#     0.54    9.73000E-03
#     0.55    9.72000E-03
#     0.56    9.73000E-03
#     0.57    9.73000E-03
#     0.58    9.73000E-03
#     0.59    9.73000E-03
#     0.60    9.73000E-03
#     0.61    9.73000E-03
#     0.62    9.73000E-03
#     0.63    9.72000E-03
#     0.64    9.72000E-03
#     0.65    9.73000E-03
#     0.66    9.73000E-03
#     0.67    9.73000E-03
#     0.68    9.72000E-03
#     0.69    9.72000E-03
#     0.70    9.72000E-03
#     0.71    9.73000E-03
#     0.72    9.72000E-03
#     0.73    9.73000E-03
#     0.74    9.73000E-03
#     0.75    9.72000E-03
#     0.76    9.73000E-03
#     0.77    9.73000E-03
#     0.78    9.72000E-03
#     0.79    9.72000E-03
#     0.80    9.72000E-03
#     0.81    9.73000E-03
#     0.82    9.73000E-03
#     0.83    9.73000E-03
#     0.84    9.72000E-03
#     0.85    9.73000E-03
#     0.86    9.73000E-03
#     0.87    9.73000E-03
#     0.88    9.73000E-03
#     0.89    9.72000E-03
#     0.90    9.73000E-03
#     0.91    9.73000E-03
#     0.92    9.73000E-03
#     0.93    9.72000E-03
#     0.94    9.73000E-03
#     0.95    9.73000E-03
#     0.96    9.73000E-03
#     0.97    9.72000E-03
#     0.98    9.73000E-03
#     0.99    9.73000E-03
#     1.00    9.73000E-03
