% rows 50 cols 3 real                                                           
  2.00000000E-02  4.43159347E-11  4.40667379E-11
  4.00000000E-02  1.03917370E-10  1.04043933E-10
  6.00000000E-02  1.61809877E-10  1.85676912E-10
  8.00000000E-02  2.70766639E-10  2.96786262E-10
  1.00000000E-01  4.27225548E-10  4.48017881E-10
  1.20000000E-01  7.55233342E-10  6.53864453E-10
  1.40000000E-01  1.05496456E-09  9.34056836E-10
  1.60000000E-01  1.40557128E-09  1.31545973E-09
  1.80000000E-01  1.80101604E-09  1.83465521E-09
  2.00000000E-01  2.10887681E-09  2.54146508E-09
  2.20000000E-01  3.51045313E-09  3.50375544E-09
  2.40000000E-01  5.89374786E-09  4.81399475E-09
  2.60000000E-01  7.23630972E-09  6.59821255E-09
  2.80000000E-01  1.03454995E-08  9.02824864E-09
  3.00000000E-01  1.10283085E-08  1.23385285E-08
  3.20000000E-01  1.99907798E-08  1.68490638E-08
  3.40000000E-01  2.72503371E-08  2.29970825E-08
  3.60000000E-01  2.93999127E-08  3.13806033E-08
  3.80000000E-01  4.44548389E-08  4.28186789E-08
  4.00000000E-01  5.68148925E-08  5.84351148E-08
  4.20000000E-01  8.27730005E-08  7.97752132E-08
  4.40000000E-01  1.05393920E-07  1.08969923E-07
  4.60000000E-01  1.49246052E-07  1.48967941E-07
  4.80000000E-01  2.03285634E-07  2.03867586E-07
  5.00000000E-01  3.42887960E-07  2.79395114E-07
  5.20000000E-01  3.47049647E-07  3.83606870E-07
  5.40000000E-01  5.02646816E-07  5.27920185E-07
  5.60000000E-01  7.45802223E-07  7.28676393E-07
  5.80000000E-01  1.08491902E-06  1.00951569E-06
  6.00000000E-01  1.35253573E-06  1.40507058E-06
  6.20000000E-01  2.20750536E-06  1.96673813E-06
  6.40000000E-01  2.51004983E-06  2.77207588E-06
  6.60000000E-01  3.43813556E-06  3.93967271E-06
  6.80000000E-01  5.66204417E-06  5.65392140E-06
  7.00000000E-01  7.71706802E-06  8.20643786E-06
  7.20000000E-01  1.20531972E-05  1.20638505E-05
  7.40000000E-01  1.67944342E-05  1.79858516E-05
  7.60000000E-01  2.95792460E-05  2.72160454E-05
  7.80000000E-01  4.65500153E-05  4.18283133E-05
  8.00000000E-01  7.27483922E-05  6.52894038E-05
  8.20000000E-01  1.01887256E-04  1.03481574E-04
  8.40000000E-01  1.69430179E-04  1.66201664E-04
  8.60000000E-01  2.96679723E-04  2.69945194E-04
  8.80000000E-01  4.31612354E-04  4.43558720E-04
  9.00000000E-01  6.49771154E-04  7.34148123E-04
  9.20000000E-01  1.23555778E-03  1.20881632E-03
  9.40000000E-01  1.96830862E-03  1.99317761E-03
  9.60000000E-01  3.64543059E-03  3.18610811E-03
  9.80000000E-01  4.81720451E-03  5.21692423E-03
  1.00000000E+00  8.02727864E-03  7.91028932E-03
