% rows 43 cols 3 real                                                           
  4.00000000E-02  1.33000000E-04  1.25138249E-04
  5.00000000E-02  1.72000000E-04  1.65231539E-04
  6.00000000E-02  2.13000000E-04  2.09610920E-04
  7.00000000E-02  2.59000000E-04  2.58480752E-04
  8.00000000E-02  3.11000000E-04  3.12161490E-04
  9.00000000E-02  3.67000000E-04  3.71259572E-04
  1.00000000E-01  4.30000000E-04  4.35954940E-04
  1.10000000E-01  4.98000000E-04  5.06927677E-04
  1.20000000E-01  5.72000000E-04  5.84588553E-04
  1.30000000E-01  6.54000000E-04  6.69188994E-04
  1.40000000E-01  7.43000000E-04  7.61375324E-04
  1.50000000E-01  8.40000000E-04  8.61526741E-04
  1.60000000E-01  9.56000000E-04  9.68054160E-04
  1.70000000E-01  1.07100000E-03  1.08511540E-03
  1.80000000E-01  1.20000000E-03  1.21030103E-03
  1.90000000E-01  1.33600000E-03  1.34556266E-03
  2.00000000E-01  1.48200000E-03  1.49069737E-03
  2.10000000E-01  1.64100000E-03  1.64522412E-03
  2.20000000E-01  1.80700000E-03  1.81127471E-03
  2.30000000E-01  1.98400000E-03  1.98805659E-03
  2.40000000E-01  2.18000000E-03  2.17276860E-03
  2.50000000E-01  2.38000000E-03  2.37114260E-03
  2.60000000E-01  2.60000000E-03  2.57684200E-03
  2.70000000E-01  2.82000000E-03  2.79875951E-03
  2.80000000E-01  3.06000000E-03  3.02773274E-03
  2.90000000E-01  3.31000000E-03  3.26837100E-03
  3.00000000E-01  3.56000000E-03  3.52674192E-03
  3.10000000E-01  3.83000000E-03  3.79126988E-03
  3.20000000E-01  4.12000000E-03  4.06064208E-03
  3.30000000E-01  4.41000000E-03  4.34802370E-03
  3.40000000E-01  4.71000000E-03  4.64681612E-03
  3.50000000E-01  5.01000000E-03  4.96507651E-03
  3.60000000E-01  5.33000000E-03  5.28641049E-03
  3.70000000E-01  5.66000000E-03  5.61823586E-03
  3.80000000E-01  6.00000000E-03  5.96009260E-03
  3.90000000E-01  6.34000000E-03  6.32190581E-03
  4.00000000E-01  6.70000000E-03  6.68271318E-03
  4.10000000E-01  7.06000000E-03  7.06336623E-03
  4.20000000E-01  7.43000000E-03  7.45267179E-03
  4.30000000E-01  7.80000000E-03  7.86273548E-03
  4.40000000E-01  8.19000000E-03  8.26746983E-03
  4.50000000E-01  8.58000000E-03  8.69242626E-03
  4.60000000E-01  8.97000000E-03  9.13861515E-03
