--- simple test case ---
 lfit: read 7 rows, 2 cols.  Fit to col 2.

 fault=0  nfcn=2  rank=2  RMS error= 4.25e-16

  function  Coefficient
     1     2.00000000000000    
     2     3.00000000000000    

  i   Observed        Predicted       Residual    x ...
  1  0.00000000E+00  0.00000000E+00  0.0000E+00  0.000000E+000.000000E+00
  2   2.4060058       2.4060058     -0.1042E-15   1.00000    0.135335    
  3   4.1098938       4.1098938      0.5565E-16   2.00000    0.366313E-01
  4   6.0223088       6.0223088     -0.7090E-15   3.00000    0.743626E-02
  5   8.0040256       8.0040256      0.6477E-16   4.00000    0.134185E-02
  6   10.000681       10.000681     -0.2300E-15   5.00000    0.227000E-03
  7   12.000111       12.000111     -0.8327E-15   6.00000    0.368653E-04
 sum of squared residuals    = 0.12670361E-29
 norm of residuals           = 0.11256270E-14
 Max error                   = 0.83267265E-15
 
--- do least-squares fit for erfc, x>1.3: (quad precision) --- 
 lfit: read 80 rows, 3 cols.  Fit to col 2.

 fault=0  nfcn=14  rank=14  RMS error= 8.67e-8

  function  Coefficient
     1     3.5449082551863608849659018123647    
     2     5.9118614530570444698808403502029    
     3     4.8370603864034085554955807391658    
     4     2.3918120298844560579422631152796    
     5    0.74875193165955829302311690231178    
     6    0.14176427585366723248040265311658    
     7    0.13151371128919699889183157938265E-01
     8     2.7960859618258801569126855822086    
     9     3.5195480008002882092724065840271    
    10     2.6022888853480341468730563046655    
    11     1.2313606218428347471322653918735    
    12    0.37766289478659119813901659897243    
    13    0.70882176731869500316183077512101E-01
    14    0.65756847854250176613545118998077E-02

  i   Observed        Predicted       Residual    x ...
  1  0.22414389      0.22414467     -0.7751E-06   1.00000     8.86715     78.6263     697.191     6182.09    
   ... 54817.5     486075.    -1.98752    -17.6236    -156.271    -1385.68    -12287.0    
***  -966082.69    
  2  0.26887436      0.26887440     -0.3447E-07   1.00000     7.37179     54.3432     400.607     2953.19    
   ... 21770.3     160486.    -1.98208    -14.6115    -107.713    -794.036    -5853.47    
***  -318096.31    
  3  0.30131671      0.30131672     -0.2607E-08   1.00000     6.56302     43.0733     282.691     1855.31    
   ... 12176.4     79914.2    -1.97755    -12.9787    -85.1795    -559.035    -3668.96    
***  -158034.21    
  4  0.32851845      0.32851845     -0.1058E-09   1.00000     6.00686     36.0824     216.742     1301.94    
   ... 7820.56     46977.1    -1.97336    -11.8537    -71.2037    -427.711    -2569.20    
***  -92702.860    
  5  0.35274421      0.35274421      0.4222E-10   1.00000     5.58294     31.1692     174.016     971.519    
   ... 5423.93     30281.5    -1.96935    -10.9948    -61.3831    -342.698    -1913.26    
***  -59634.839    
  6  0.37503931      0.37503931      0.1655E-10   1.00000     5.24056     27.4635     143.924     754.242    
   ... 3952.65     20714.1    -1.96542    -10.2999    -53.9771    -282.870    -1482.40    
***  -40711.778    
  7  0.39598081      0.39598081      0.2018E-11   1.00000     4.95356     24.5378     121.549     602.101    
   ... 2982.55     14774.2    -1.96151    -9.71648    -48.1312    -238.421    -1181.03    
***  -28979.847    
  8  0.41592394      0.41592394     -0.1273E-11   1.00000     4.70667     22.1527     104.266     490.743    
   ... 2309.77     10871.3    -1.95762    -9.21385    -43.3665    -204.112    -960.687    
***  -21281.835    
  9  0.43510404      0.43510404     -0.1036E-11   1.00000     4.49019     20.1618     90.5302     406.498    
   ... 1825.25     8195.73    -1.95370    -8.77248    -39.3901    -176.869    -794.174    
***  -16011.981    
 10  0.45368546      0.45368546     -0.3751E-12   1.00000     4.29758     18.4692     79.3728     341.111    
   ... 1465.95     6300.04    -1.94975    -8.37920    -36.0103    -154.757    -665.081    
***  -12283.507    
 11  0.47178756      0.47178756     -0.1937E-14   1.00000     4.12422     17.0092     70.1497     289.313    
   ... 1193.19     4920.98    -1.94576    -8.02473    -33.0957    -136.494    -562.932    
***  -9575.0231    
 12  0.48949971      0.48949971      0.1064E-12   1.00000     3.96673     15.7349     62.4161     247.588    
   ... 982.112     3895.77    -1.94171    -7.70224    -30.5527    -121.194    -480.743    
***  -7564.4566    
 13  0.50689036      0.50689036      0.8929E-13   1.00000     3.82254     14.6118     55.8542     213.505    
   ... 816.131     3119.69    -1.93761    -7.40658    -28.3120    -108.224    -413.689    
***  -6044.7443    
 14  0.52401288      0.52401288      0.4186E-13   1.00000     3.68969     13.6138     50.2306     185.335    
   ... 683.828     2523.11    -1.93344    -7.13380    -26.3215    -97.1180    -358.335    
***  -4878.2941    
 15  0.54090949      0.54090949      0.5251E-14   1.00000     3.56661     12.7207     45.3697     161.816    
   ... 577.133     2058.41    -1.92921    -6.88074    -24.5409    -87.5277    -312.177    
***  -3971.1030    
 16  0.55761387      0.55761387     -0.1203E-13   1.00000     3.45205     11.9166     41.1368     142.006    
   ... 490.213     1692.24    -1.92491    -6.64489    -22.9385    -79.1847    -273.350    
***  -3257.4095    
 17  0.57415310      0.57415310     -0.1476E-13   1.00000     3.34499     11.1890     37.4271     125.193    
   ... 418.771     1400.78    -1.92054    -6.42419    -21.4889    -71.8801    -240.438    
***  -2690.2603    
 18  0.59054900      0.59054900     -0.1034E-13   1.00000     3.24460     10.5274     34.1572     110.826    
   ... 359.586     1166.71    -1.91609    -6.21695    -20.1715    -65.4483    -212.353    
***  -2235.5286    
 19  0.60681917      0.60681917     -0.4358E-14   1.00000     3.15015     9.92347     31.2604     98.4752    
   ... 310.212     977.216    -1.91157    -6.02175    -18.9694    -59.7566    -188.243    
***  -1868.0193    
 20  0.62297770      0.62297770      0.2264E-15   1.00000     3.06107     9.37016     28.6827     87.7999    
   ... 268.762     822.700    -1.90698    -5.83740    -17.8687    -54.6974    -167.433    
***  -1568.8717    
 21  0.63903580      0.63903580      0.2571E-14   1.00000     2.97685     8.86161     26.3796     78.5281    
   ... 233.766     695.886    -1.90231    -5.66289    -16.8575    -50.1823    -149.385    
***  -1323.7913    
 22  0.65500224      0.65500224      0.2985E-14   1.00000     2.89704     8.39284     24.3144     70.4398    
   ... 204.067     591.190    -1.89757    -5.49733    -15.9260    -46.1382    -133.664    
***  -1121.8234    
 23  0.67088370      0.67088370      0.2254E-14   1.00000     2.82128     7.95962     22.4563     63.3556    
   ... 178.744     504.286    -1.89275    -5.33998    -15.0656    -42.5042    -119.916    
***  -954.48837    
 24  0.68668504      0.68668504      0.1119E-14   1.00000     2.74924     7.55831     20.7796     57.1281    
   ... 157.059     431.792    -1.88786    -5.19018    -14.2690    -39.2290    -107.850    
***  -815.16274    
 25  0.70240956      0.70240956      0.9348E-16   1.00000     2.68063     7.18577     19.2624     51.6353    
   ... 138.415     371.039    -1.88290    -5.04735    -13.5301    -36.2691    -97.2241    
***  -698.62980    
 26  0.71805915      0.71805915     -0.5648E-15   1.00000     2.61520     6.83927     17.8860     46.7756    
   ... 122.327     319.911    -1.87787    -4.91100    -12.8432    -33.5876    -87.8383    
***  -600.74980    
 27  0.73363447      0.73363447     -0.8094E-15   1.00000     2.55273     6.51641     16.6346     42.4636    
   ... 108.398     276.711    -1.87277    -4.78066    -12.2037    -31.1528    -79.5245    
***  -518.21475    
 28  0.74913506      0.74913506     -0.7369E-15   1.00000     2.49301     6.21511     15.4943     38.6276    
   ... 96.2991     240.075    -1.86760    -4.65596    -11.6074    -28.9373    -72.1410    
***  -448.36439    
 29  0.76455947      0.76455947     -0.4822E-15   1.00000     2.43588     5.93351     14.4533     35.2065    
   ... 85.7588     208.898    -1.86237    -4.53652    -11.0504    -26.9175    -65.5677    
***  -389.04670    
 30  0.77990531      0.77990531     -0.1787E-15   1.00000     2.38117     5.66997     13.5011     32.1485    
   ... 76.5510     182.281    -1.85709    -4.42204    -10.5296    -25.0728    -59.7025    
***  -338.51135    
 31  0.79516937      0.79516937      0.7510E-16   1.00000     2.32874     5.42302     12.6288     29.4091    
   ... 68.4862     159.486    -1.85174    -4.31222    -10.0420    -23.3852    -54.4581    
***  -295.32740    
 32  0.81034764      0.81034764      0.2280E-15   1.00000     2.27846     5.19137     11.8283     26.9503    
   ... 61.4051     139.909    -1.84634    -4.20681    -9.58504    -21.8391    -49.7595    
***  -258.31957    
 33  0.82543544      0.82543544      0.2821E-15   1.00000     2.23021     4.97384     11.0927     24.7390    
   ... 55.1733     123.048    -1.84089    -4.10558    -9.15631    -20.4205    -45.5420    
***  -226.51824    
 34  0.84042738      0.84042738      0.2452E-15   1.00000     2.18389     4.76938     10.4158     22.7469    
   ... 49.6768     108.489    -1.83540    -4.00831    -8.75371    -19.1171    -41.7497    
***  -199.12021    
 35  0.85531749      0.85531749      0.1560E-15   1.00000     2.13940     4.57703     9.79211     20.9492    
   ... 44.8188     95.8854    -1.82987    -3.91482    -8.37536    -17.9183    -38.3343    
***  -175.45753    
 36  0.87009921      0.87009921      0.5307E-16   1.00000     2.09665     4.39596     9.21679     19.3244    
   ... 40.5166     84.9493    -1.82430    -3.82492    -8.01953    -16.8142    -35.2535    
***  -154.97270    
 37  0.88476546      0.88476546     -0.3754E-16   1.00000     2.05557     4.22536     8.68551     17.8537    
   ... 36.6994     75.4381    -1.81870    -3.73845    -7.68464    -15.7963    -32.4704    
***  -137.19886    
 38  0.89930866      0.89930866     -0.9722E-16   1.00000     2.01607     4.06453     8.19438     16.5204    
   ... 33.3063     67.1479    -1.81307    -3.65527    -7.36928    -14.8570    -29.9527    
***  -121.74373    
 39  0.91372076      0.91372076     -0.1184E-15   1.00000     1.97809     3.91284     7.73994     15.3103    
   ... 30.2852     59.9067    -1.80742    -3.57524    -7.07215    -13.9893    -27.6722    
***  -108.27673    
 40  0.92799330      0.92799330     -0.1075E-15   1.00000     1.94157     3.76968     7.31908     14.2105    
   ... 27.5906     53.5690    -1.80176    -3.49824    -6.79206    -13.1872    -25.6039    
***  -96.518461    
 41  0.94211740      0.94211740     -0.7328E-16   1.00000     1.90644     3.63452     6.92900     13.2097    
   ... 25.1836     48.0110    -1.79609    -3.42414    -6.52793    -12.4451    -23.7259    
***  -86.232136    
 42  0.95608384      0.95608384     -0.2916E-16   1.00000     1.87266     3.50686     6.56716     12.2981    
   ... 23.0301     43.1276    -1.79042    -3.35285    -6.27876    -11.7580    -22.0187    
***  -77.216551    
 43  0.96988305      0.96988305      0.1256E-16   1.00000     1.84018     3.38625     6.23129     11.4667    
   ... 21.1007     38.8290    -1.78476    -3.28426    -6.04363    -11.1213    -20.4652    
***  -69.300320    
 44  0.98350516      0.98350516      0.4191E-16   1.00000     1.80894     3.27227     5.91933     10.7077    
   ... 19.3696     35.0385    -1.77910    -3.21829    -5.82170    -10.5311    -19.0501    
***  -62.337112    
 45  0.99694002      0.99694002      0.5795E-16   1.00000     1.77891     3.16453     5.62941     10.0142    
   ... 17.8144     31.6903    -1.77347    -3.15484    -5.61219    -9.98358    -17.7599    
***  -56.201703    
 46   1.0101773       1.0101773      0.5804E-16   1.00000     1.75005     3.06267     5.35983     9.37997    
   ... 16.4154     28.7278    -1.76786    -3.09384    -5.41438    -9.47543    -16.5825    
***  -50.786706    
 47   1.0232062       1.0232062      0.4681E-16   1.00000     1.72232     2.96638     5.10905     8.79940    
   ... 15.1554     26.1024    -1.76229    -3.03522    -5.22761    -9.00360    -15.5071    
***  -45.999834    
 48   1.0360162       1.0360162      0.2458E-16   1.00000     1.69568     2.87534     4.87566     8.26757    
   ... 14.0192     23.7720    -1.75675    -2.97890    -5.05126    -8.56533    -14.5241    
***  -41.761627    
 49   1.0485962       1.0485962      0.2827E-18   1.00000     1.67011     2.78927     4.65838     7.78001    
   ... 12.9935     21.7005    -1.75127    -2.92482    -4.88476    -8.15809    -13.6249    
***  -38.003534    
 50   1.0609352       1.0609352     -0.1851E-16   1.00000     1.64557     2.70791     4.45606     7.33277    
   ... 12.0666     19.8565    -1.74585    -2.87292    -4.72759    -7.77959    -12.8019    
***  -34.666314    
 51   1.0730220       1.0730220     -0.3196E-16   1.00000     1.62204     2.63102     4.26762     6.92225    
   ... 11.2282     18.2125    -1.74049    -2.82314    -4.57925    -7.42772    -12.0481    
***  -31.698676    
 52   1.0848453       1.0848453     -0.3768E-16   1.00000     1.59949     2.55837     4.09208     6.54524    
   ... 10.4690     16.7451    -1.73520    -2.77543    -4.43928    -7.10058    -11.3573    
***  -29.056144    
 53   1.0963940       1.0963940     -0.3260E-16   1.00000     1.57789     2.48975     3.92857     6.19886    
   ... 9.78115     15.4336    -1.72999    -2.72975    -4.30726    -6.79640    -10.7240    
***  -26.700086    
 54   1.1076567       1.1076567     -0.2270E-16   1.00000     1.55723     2.42497     3.77625     5.88050    
   ... 9.15731     14.2601    -1.72488    -2.68604    -4.18279    -6.51358    -10.1432    
***  -24.596897    
 55   1.1186224       1.1186224     -0.8411E-17   1.00000     1.53748     2.36386     3.63439     5.58781    
   ... 8.59117     13.2088    -1.71986    -2.64426    -4.06551    -6.25065    -9.61027    
***  -22.717301    
 56   1.1292797       1.1292797      0.6876E-17   1.00000     1.51863     2.30623     3.50230     5.31868    
   ... 8.07709     12.2661    -1.71495    -2.60437    -3.95507    -6.00628    -9.12129    
***  -21.035758    
 57   1.1396176       1.1396176      0.1832E-16   1.00000     1.50064     2.25193     3.37934     5.07119    
   ... 7.61005     11.4200    -1.71016    -2.56634    -3.85116    -5.77922    -8.67254    
***  -19.529960    
 58   1.1496253       1.1496253      0.2526E-16   1.00000     1.48352     2.20082     3.26496     4.84362    
   ... 7.18559     10.6599    -1.70549    -2.53012    -3.75348    -5.56834    -8.26073    
***  -18.180395    
 59   1.1592919       1.1592919      0.2590E-16   1.00000     1.46723     2.15277     3.15860     4.63440    
   ... 6.79973     9.97677    -1.70095    -2.49568    -3.66174    -5.37262    -7.88287    
***  -16.969978    
 60   1.1686068       1.1686068      0.2208E-16   1.00000     1.45177     2.10764     3.05980     4.44213    
   ... 6.44895     9.36239    -1.69655    -2.46300    -3.57570    -5.19110    -7.53628    
***  -15.883736    
 61   1.1775597       1.1775597      0.1303E-16   1.00000     1.43712     2.06531     2.96811     4.26553    
   ... 6.13007     8.80965    -1.69230    -2.43203    -3.49512    -5.02291    -7.21853    
***  -14.908532    
 62   1.1861405       1.1861405      0.1535E-17   1.00000     1.42327     2.02569     2.88311     4.10344    
   ... 5.84030     8.31232    -1.68820    -2.40276    -3.41977    -4.86726    -6.92742    
***  -14.032831    
 63   1.1943393       1.1943393     -0.9206E-17   1.00000     1.41020     1.98868     2.80444     3.95483    
   ... 5.57711     7.86487    -1.68426    -2.37515    -3.34945    -4.72341    -6.66097    
***  -13.246499    
 64   1.2021466       1.2021466     -0.1746E-16   1.00000     1.39791     1.95416     2.73175     3.81875    
   ... 5.33828     7.46245    -1.68050    -2.34919    -3.28396    -4.59070    -6.41739    
***  -12.540629    
 65   1.2095532       1.2095532     -0.2254E-16   1.00000     1.38639     1.92207     2.66473     3.69435    
   ... 5.12180     7.10080    -1.67691    -2.32484    -3.22313    -4.46851    -6.19509    
***  -11.907387    
 66   1.2165504       1.2165504     -0.2221E-16   1.00000     1.37562     1.89232     2.60310     3.58086    
   ... 4.92589     6.77613    -1.67351    -2.30210    -3.16680    -4.35630    -5.99259    
***  -11.339890    
 67   1.2231297       1.2231297     -0.1709E-16   1.00000     1.36559     1.86483     2.54659     3.47760    
   ... 4.74897     6.48514    -1.67029    -2.28093    -3.11482    -4.25356    -5.80861    
***  -10.832086    
 68   1.2292831       1.2292831     -0.8900E-17   1.00000     1.35630     1.83955     2.49498     3.38394    
   ... 4.58964     6.22492    -1.66728    -2.26133    -3.06704    -4.15982    -5.64196    
***  -10.378662    
 69   1.2350030       1.2350030      0.1629E-17   1.00000     1.34774     1.81640     2.44804     3.29932    
   ... 4.44663     5.99290    -1.66446    -2.24326    -3.02334    -4.07467    -5.49160    
***  -9.9749565    
 70   1.2402825       1.2402825      0.1181E-16   1.00000     1.33990     1.79534     2.40558     3.22325    
   ... 4.31884     5.78683    -1.66186    -2.22673    -2.98360    -3.99774    -5.35658    
***  -9.6168919    
 71   1.2451148       1.2451148      0.2010E-16   1.00000     1.33278     1.77631     2.36744     3.15528    
   ... 4.20530     5.60475    -1.65947    -2.21171    -2.94773    -3.92868    -5.23608    
***  -9.3009086    
 72   1.2494940       1.2494940      0.2447E-16   1.00000     1.32637     1.75927     2.33344     3.09502    
   ... 4.10515     5.44496    -1.65730    -2.19819    -2.91562    -3.86721    -5.12936    
***  -9.0239126    
 73   1.2534145       1.2534145      0.2389E-16   1.00000     1.32067     1.74417     2.30347     3.04212    
   ... 4.01764     5.30598    -1.65535    -2.18617    -2.88720    -3.81304    -5.03577    
***  -8.7832293    
 74   1.2568713       1.2568713      0.1813E-16   1.00000     1.31567     1.73098     2.27739     2.99629    
   ... 3.94212     5.18652    -1.65362    -2.17562    -2.86239    -3.76595    -4.95474    
***  -8.5765645    
 75   1.2598600       1.2598600      0.7451E-17   1.00000     1.31136     1.71967     2.25511     2.95727    
   ... 3.87805     5.08553    -1.65213    -2.16654    -2.84113    -3.72574    -4.88580    
***  -8.4019708    
 76   1.2623768       1.2623768     -0.6424E-17   1.00000     1.30775     1.71021     2.23653     2.92483    
   ... 3.82495     5.00209    -1.65088    -2.15893    -2.82335    -3.69224    -4.82853    
***  -8.2578199    
 77   1.2644183       1.2644183     -0.2179E-16   1.00000     1.30483     1.70259     2.22159     2.89880    
   ... 3.78245     4.93546    -1.64985    -2.15278    -2.80902    -3.66530    -4.78259    
***  -8.1427791    
 78   1.2659821       1.2659821     -0.3607E-16   1.00000     1.30260     1.69677     2.21022     2.87903    
   ... 3.75023     4.88505    -1.64907    -2.14808    -2.79809    -3.64480    -4.74772    
***  -8.0557922    
 79   1.2670660       1.2670660     -0.4764E-16   1.00000     1.30106     1.69275     2.20237     2.86541    
   ... 3.72807     4.85043    -1.64853    -2.14483    -2.79055    -3.63066    -4.72371    
***  -7.9960642    
 80   1.2676690       1.2676690     -0.5481E-16   1.00000     1.30020     1.69052     2.19802     2.85787    
   ... 3.71580     4.83128    -1.64822    -2.14302    -2.78636    -3.62283    -4.71040    
***  -7.9630394    
 sum of squared residuals    = 0.13127243E-30
 norm of residuals           = 0.36231537E-15
 Max error                   = 0.77514322E-06
